					
Long-term butyrate supplementation		Control	Control+BA	ACLF	ACLF+BA
Peripheral blood	CD4+T	15.8	17.5	13.4	17.6
		16.9	19	12.6	14.6
		17.6	15.9	13.2	14.2
		13	21.7	11.5	17.5
		15.7	17	8.56	14.8
		21.3	18.8	12.8	16.6
					13.4
					12.2
	CD8+T	11.4	9.65	6.2	7.9
		9.21	11	7.7	10.26
		15.9	13.5	6.5	6.05
		10	10.5	8.47	9.35
		10.5	8.47	8.59	8.94
		9.1	8.47	7.2	9.08
				9.61	8.5
					6.69
	NK	1.21	1.86	0.21	1.15
		1.4	1.25	0.66	0.18
		1.53	1.95	0.45	0.32
		1.18	0.98	0.48	0.25
		1.46	1.94	0.42	0.18
		1.73	1.24	0.53	0.7
					0.33
					0.73
	NKT	0.54	0.55	0.53	0.17
		0.66	0.44	0.32	0.63
		0.9	0.46	0.23	0.27
		0.82	0.83	0.16	0.48
		0.62	0.68	0.43	0.48
		0.74	0.81	0.36	0.5
					0.44
	Neutrophils	0.96	1.79	29.3	14.1
		0.87	1.28	15.5	12.3
		0.69	1.73	27.5	18.26
		0.45	1.02	25.6	16.26
		1.64	0.79	16.7	14.79
		0.63	0.55	18.6	22.1
					16.4
					13.3
	Macropahge	3.08	5.21	3.59	3.15
		3.21	3.72	5.78	2.46
		2.62	2.15	6.21	2.8
		3.8	5.4	5.53	2.84
		2.53	3.17	3.92	3.25
		2.01	2.8	3.17	3.88
					2.56
					2.4
	M1	1.02	1.65	2.15	1.69
		1.34	1.03	4.7	1.92
		0.98	0.76	3.25	2.15
		1.6	1.72	6.51	2.21
		1.42	0.77	2.85	2.46
		1.09	1.01	3.51	2.28
					1.91
					3.01
	M2	2.06	1.59	0.32	0.73
		1.87	2.69	0.51	0.54
		1.62	1.39	0.23	0.68
		1.16	1.3	0.26	0.86
		1.11	1.42	0.68	0.79
		0.92	1.04	0.38	0.55
					0.45
					0.35
	TNF-α+Neu	0.64	0.65	4.75	4.05
		0.53	0.71	7.44	5.27
		0.54	0.23	7.97	6.5
		0.52	0.23	9.78	4.9
		0.32	0.38	6.16	5.8
		0.28	0.36	6.19	4.5
					3.92
					5.14
	IL6+Neu	0.65	0.65	3.92	0.48
		0.61	0.66	2.42	0.36
		0.33	0.28	2.71	0.022
		0.3	0.27	3.21	0.065
		0.44	0.39	3.91	0.84
		0.35	0.39	4.78	0.9
					1.22
					1.03
	IFNγ+Neu	0.8	0.77	3.87	3.34
		0.71	0.71	4.68	2.92
		0.56	0.37	3.93	1.25
		0.46	0.38	4.235	1.325
		0.6	0.53	5.25	4.665
		0.49	0.5	5.4	3.285
					2.4
					2.23
	TNF-α+M1	0.19	0.46	1.19	1.64
		0.16	0.4	1.13	1.19
		0.038	0.12	1.31	1.25
		0.063	0.055	2.18	0.23
		0.042	0.084	2.04	0.29
		0.067	0.068	2.33	0
					0.01
					0.91
	IL6+M1	0.2	0.44	1.26	0.67
		0.18	0.41	1.2	0.48
		0.038	0.12	1.15	0.98
		0.071	0.067	1.2	0.55
		0.033	0.069	0.91	0.72
		0.043	0.07	0.84	0.35
					0.56
					0.45
	IFNγ+M1	0.24	0.47	0.96	0.96
		0.2	0.43	0.78	1.14
		0.52	0.12	0.11	1.3
		0.46	0.4	0.24	1.86
		0.31	0.44	2.05	0.51
		0.56	0.39	1.47	0.49
					0.73
					0.67
Colon	CD4+T	10.9	16.6	28.7	24.6
		9.89	9.29	16.1	19.9
		10.7	10.5	19.5	25.8
		10.1	23.2	15.2	17.6
		11.1	17.9	27.3	19.3
		11.7	16.2	20	9.73
					9.79
					8.4
	CD8+T	13.4	9.12	9.5	8.54
		9.03	13	12.4	6.03
		9.24	14.7	13.3	5.67
		9.56	12	15.7	10.29
		10.6	10.5	19.7	10.39
		7.79	14.4	9	7.3
					6.38
					6.4
	NK	1.63	1.1	0.37	0.26
		0.98	2.92	1.02	0.72
		1.37	1.73	0.58	0.89
		1.52	0.6	0	0.43
		1.37	1	0	0.49
		1.62	0.55	1	1.55
					0.91
					0.03
	NKT	0.83	0.28	0.37	0.13
		1.11	2.31	0.41	0.29
		1.25	1.22	0.19	0.59
		1.07	0.19	0.48	0
		1.12	0.52	0.23	0.49
		0.65	0.68	0.18	1.99
					0.91
					0.37
	Neutrophils	0.03	0.01	0.04	0.02
		0.02	0	0	0.02
		0.06	0.25	0.02	0
		0.03	0.01	0	0.08
		0.26	0.07	0.46	0.02
		0.07	0.1	0.75	0.14
					0.14
					0.1
	Macropahge	1.23	8.56	0.64	2.38
		1.62	2.92	5.3	4.22
		1.94	1.94	3.87	2.37
		2.5	1.94	3.81	5.57
		5.84	1.86	1.27	3.27
		8.44	1.34	4.05	6.64
					5.24
					2.45
	M1	0.97	4.42	0	0.13
		1	2.51	4.48	2.02
		1.14	1.31	1.55	1.78
		1.97	1.83	3.33	3.86
		3.6	1.28	0.07	2.29
		3.9	1.01	1.64	5.97
					4.33
					0.9
	M2	0.23	1.93	0.54	1.59
		0.39	0.31	0.81	2.13
		0.15	0.51	0.13	0.59
		0.23	0	0	1.29
		0.21	0.48	0.03	0.65
		0.36	0.24	0.68	0.66
					0.46
					1.28
